0 0 0 0 0 0
0.001 0.001 0.018298468405657 0.1378054128983 0.464051306210026 0.81852748227498100000
0.002 0.002 0.030179521248188 0.189927976096925 0.548486444078754 0.86903439249386100000
0.005 0.005 0.057532573576822 0.282365282274234 0.664279334988252 0.92280146731307100000
0.01 0.01 0.092362248073694 0.372080585435495 0.749733747466798 0.95290050615604800000
0.02 0.02 0.145998944754769 0.47856760702211 0.827989733166026 0.97418770715916800000
0.03 0.03 0.189214769987208 0.547444078601068 0.86847395039251 0.98296348582369100000
0.04 0.04 0.226420803802617 0.598441021073084 0.894224862308532 0.98775373486822200000
0.05 0.05 0.259511022841444 0.638760031312335 0.912314536750296 0.99074229462650500000
0.06 0.06 0.289524765231932 0.671921926909016 0.925802849114878 0.99276193822833700000
0.07 0.07 0.317111631123553 0.699933399303838 0.936271741228659 0.99420205127494000000
0.08 0.08 0.342712455311682 0.724054346997341 0.944635880466669 0.99526946925107500000
0.09 0.09 0.366644002236362 0.745130761997329 0.951466780029925 0.99608420013203500000
0.1 0.1 0.389143691645361 0.763759584105883 0.95714257382711 0.99672055608445400000
0.11 0.11 0.410395345480343 0.780378417777284 0.961924726269342 0.99722691832932300000
0.12 0.12 0.430545005931523 0.795317953922998 0.966000481890723 0.99763606664477600000
0.13 0.13 0.449711161921297 0.808834353227661 0.969507822773232 0.99797094407924400000
0.14 0.14 0.467991638081141 0.821130168748492 0.972550875644453 0.99824804882216000000
0.15 0.15 0.485468395439318 0.832368373212641 0.975209813650782 0.99847951880794200000
0.16 0.16 0.502210973392184 0.842682060030169 0.977547438549248 0.99867446060590100000
0.17 0.17 0.518279018040818 0.852181332177779 0.97961368393019 0.99883982336585900000
0.18 0.18 0.533724178627197 0.860958307050426 0.981448773539423 0.99898098922596600000
0.19 0.19 0.54859155614367 0.869090825606325 0.983085484822974 0.99910218162949100000
0.2 0.2 0.562920827733536 0.876645249790941 0.984550802384582 0.99920675359394100000
0.21 0.21 0.576747131924726 0.883678605351444 0.985867146368298 0.99929739498409200000
0.22 0.22 0.590101774460236 0.890240246137872 0.987053298920712 0.99937628400171300000
0.23 0.23 0.603012797528849 0.896373162954287 0.988125112482574 0.99944519954283800000
0.24 0.24 0.615505443578623 0.902115024529327 0.989096057965183 0.99950560564457700000
0.25 0.25 0.627602536780775 0.907499013942507 0.989977653757403 0.99955871572441200000
0.26 0.26 0.639324799447524 0.912554506997372 0.990779804898416 0.99960554198793100000
0.27 0.27 0.650691116549172 0.91730762713004 0.991511073735327 0.99964693381415300000
0.28 0.28 0.661718758433062 0.921781702905238 0.992178897762998 0.99968360785500300000
0.29 0.29 0.672423569591756 0.925997647945459 0.992789766343818 0.99971617184016200000
0.3 0.3 0.682820129635996 0.929974278569454 0.993349365121515 0.99974514355318600000
0.31 0.31 0.692921891344921 0.933728581012854 0.993862694838754 0.99977096606988900000
0.32 0.32 0.702741299682951 0.937275937541466 0.994334169715019 0.99979402007911500000
0.33 0.33 0.712289894912365 0.940630318819469 0.994767699382751 0.99981463390823800000
0.34 0.34 0.721578402337294 0.943804448399478 0.995166757507139 0.99983309172976300000
0.35 0.35 0.730616810748089 0.946809944043876 0.995534439551718 0.99984964031665500000
0.36 0.36 0.739414441264933 0.949657439683453 0.995873511643472 0.99986449463228700000
0.37 0.37 0.747980007984086 0.952356691108935 0.996186452098232 0.99987784247892700000
0.38 0.38 0.756321671592566 0.954916667928377 0.996475486861239 0.99988984838134200000
0.39 0.39 0.764447086924851 0.957345633874732 0.996742619877875 0.99990065684564800000
0.4 0.4 0.772363445278696 0.959651217187929 0.99698965922021 0.99991039510526500000
0.41 0.41 0.780077512179097 0.961840472505215 0.997218239644575 0.99991917544381700000
0.42 0.42 0.787595661173976 0.963919935457583 0.997429842135217 0.99992709716747200000
0.43 0.43 0.79492390415794 0.96589567097759 0.99762581089245 0.99993424828555900000
0.44 0.44 0.802067918647968 0.967773316165922 0.997807368145687 0.99994070694742600000
0.45 0.45 0.809033072374279 0.969558118433845 0.997975627108355 0.99994654267482300000
0.46 0.46 0.815824445498848 0.971254969530866 0.99813160333997 0.99995181742212000000
0.47 0.47 0.822446850731196 0.972868435977271 0.99827622473823 0.99995658649108100000
0.48 0.48 0.828904851574854 0.974402786346253 0.998410340349077 0.99996089932231000000
0.49 0.49 0.835202778907131 0.975862015777577 0.998534728153817 0.99996480018182800000
0.5 0.5 0.841344746068543 0.977249868051821 0.99865010196837 0.99996832875816700000
0.51 0.51 0.847334662615811 0.978569855509556 0.998757117569785 0.99997152068291300000
0.52 0.52 0.853176246872988 0.979825277061982 0.998856378148416 0.99997440798555900000
0.53 0.53 0.858873037398617 0.981019234507263 0.998948439170128 0.99997701949183600000
0.54 0.54 0.864428403472375 0.982154647339365 0.99903381272107 0.99997938117329600000
0.55 0.55 0.869845554692079 0.983234266212606 0.999112971397587 0.99998151645473300000
0.56 0.56 0.875127549760954 0.984260685204951 0.999186351795345 0.99998344648506300000
0.57 0.57 0.880277304535408 0.985236353005652 0.99925435764457 0.99998519037644700000
0.58 0.58 0.88529759939503 0.986163583137842 0.999317362632127 0.99998676541577600000
0.59 0.59 0.890191085988961 0.987044563313618 0.999375712945954 0.99998818725201700000
0.6 0.6 0.894960293405993 0.987881364007934 0.999429729572831 0.99998947006247800000
0.61 0.61 0.899607633809641 0.988675946327714 0.999479710376597 0.99999062670058200000
0.62 0.62 0.904135407573823 0.989430169244088 0.999525931980624 0.99999166882742000000
0.63 0.63 0.908545807949644 0.990145796248121 0.999568651475417 0.99999260702903200000
0.64 0.64 0.912840925288929 0.990824501483849 0.999608107969777 0.99999345092112600000
0.65 0.65 0.917022750845539 0.991467875406648 0.999644524001742 0.99999420924269600000
0.66 0.66 0.921093180171041 0.992077430009922 0.999678106823678 0.99999488993983800000
0.67 0.67 0.925054016116833 0.992654603658554 0.999709049574234 0.99999550024088300000
0.68 0.68 0.928906971450312 0.993200765563661 0.999737532348433 0.99999604672383000000
0.69 0.69 0.932653671087916 0.993717219929616 0.999763723175925 0.99999653537694500000
0.7 0.7 0.936295653942832 0.994205209801231 0.999787778916347 0.99999697165327600000
0.71 0.71 0.939834374379547 0.99466592063617 0.999809846079725 0.99999736051974800000
0.72 0.72 0.943271203261122 0.995100483625181 0.999830061579041 0.99999770650143500000
0.73 0.73 0.946607428567796 0.995509978780486 0.999848553421336 0.99999801372151800000
0.74 0.74 0.949844255556921 0.995895437810675 0.999865441343028 0.99999828593737700000
0.75 0.75 0.952982806423873 0.996257846798569 0.999880837394592 0.99999852657324000000
0.76 0.76 0.956024119410903 0.996598148696856 0.999894846479179 0.99999873874973100000
0.77 0.77 0.95896914729508 0.996917245654752 0.999907566849334 0.99999892531064200000
0.78 0.78 0.961818755166468 0.997216001187424 0.999919090565554 0.99999908884721100000
0.790000000000001 0.790000000000001 0.964573717382028 0.997495242198546 0.999929503920066 0.99999923172015200000
0.8 0.8 0.967234713547276 0.997755760864885 0.999938887828897 0.99999935607967100000
0.810000000000001 0.810000000000001 0.969802323333567 0.997998316390435 0.999947318195018 0.99999946388365000000
0.82 0.82 0.972277019879638 0.998223636635997 0.999954866245116 0.99999955691420300000
0.83 0.83 0.974659161445432 0.99843241962836 0.999961598842313 0.99999963679273600000
0.84 0.84 0.976948980874513 0.998625334951117 0.999967578776991 0.99999970499367400000
0.850000000000001 0.850000000000001 0.979146572264096 0.998803025016456 0.999972865037707 0.99999976285697500000
0.860000000000001 0.860000000000001 0.981251874015441 0.998966106213649 0.999977513064078 0.99999981159954000000
0.87 0.87 0.983264647105083 0.999115169924942 0.999981574983417 0.99999985232564300000
0.88 0.88 0.985184446916996 0.99925078339212 0.999985099832853 0.99999988603644800000
0.890000000000001 0.89 0.987010586201288 0.999373490405661 0.999988133768694 0.99999991363871900000
0.900000000000001 0.900000000000001 0.988742085487395 0.999483811770356 0.999990720264836 0.99999993595279100000
0.910000000000001 0.910000000000001 0.99037760522781 0.999582245471189 0.999992900302241 0.99999995371986900000
0.92 0.92 0.991915350395588 0.999669266410992 0.999994712551862 0.99999996760873800000
0.930000000000001 0.930000000000001 0.993352931780383 0.99974532549543 0.999996193554027 0.99999997822192700000
0.940000000000001 0.940000000000001 0.99468715564365 0.999810847653412 0.999997377898515 0.99999998610140900000
0.950000000000001 0.950000000000001 0.995913686939967 0.999866227985401 0.999998298411733 0.99999999173390800000
0.960000000000001 0.960000000000001 0.997026469714579 0.999911824309625 0.999998986361741 0.99999999555589900000
0.970000000000001 0.970000000000001 0.99801662349864 0.999947941915363 0.999999471701114 0.99999999795848000000
0.980000000000001 0.980000000000001 0.998869994249693 0.999974798342233 0.999999783389463 0.99999999929243400000
0.990000000000001 0.990000000000001 0.999560039819526 0.999992419903261 0.999999949896435 1.00000000000000000000
1 1 1 1 1 1.00000000000000000000
