2 700 7 40
5 710 5 60
6 710 27 7
7 710 40 26
8 710 7 58
9 720 2 47
10 720 6 31
12 720 2 18
13 720 19 12
14 720 12 9
15 720 13 39
17 730 13 32
19 740 1 9
20 740 3 19
21 740 3 17
22 730 6 41
23 730 9 43
24 730 1 21
25 730 1 9
26 730 2 37
27 720 17 14
30 730 4 23
31 730 2 20
32 730 3 22
33 720 4 21
34 720 4 47
35 720 10 24
36 720 1 19
37 720 8 22
38 720 2 41
39 720 6 7
40 720 1 12
41 720 2 27
42 700 7 37
43 700 4 60
44 700 7 41
45 700 1 12
46 700 3 16
47 700 3 13
48 690 2 14
49 690 7 47
52 700 1 24
53 700 2 46
55 700 3 43
56 700 7 17
57 700 1 17
58 700 5 33
59 700 2 12
60 690 2 18
61 690 7 39
62 690 12 24
63 690 6 16
64 690 2 33
65 690 6 31
66 679 4 41
67 679 1 27
68 679 5 2
69 669 3 24
70 669 3 48
71 669 2 24
72 659 6 56
73 659 6 8
74 659 1 19
75 649 3 25
76 649 2 48
77 649 15 4
78 649 4 48
80 649 5 20
83 649 1 26
84 649 2 5
85 649 1 8
86 639 1 4
87 639 8 10
88 639 10 32
89 639 6 28
90 639 2 0
91 639 2 48
92 629 5 19
93 629 6 35
94 629 2 28
95 619 2 12
96 619 2 10
97 619 3 6
98 609 3 29
99 609 5 46
100 609 6 26
101 599 1 48
102 599 4 29
103 599 1 11
106 589 6 37
109 589 4 46
111 589 8 44
113 599 2 19
114 599 7 24
115 599 5 47
116 599 6 42
117 599 6 32
118 589 4 60
119 589 11 52
120 589 4 50
122 589 9 34
123 589 1 38
124 589 6 4
125 589 2 16
127 579 1 51
128 579 1 28
131 579 10 44
133 589 3 39
135 589 3 51
137 589 2 38
138 589 4 19
140 589 5 21
141 589 15 15
143 589 2 38
144 589 2 5
146 589 1 58
147 589 8 28
148 589 1 37
149 589 4 54
150 589 4 52
152 579 3 59
153 579 1 10
154 579 9 14
155 579 6 55
158 579 5 24
162 700 4 31
163 700 2 43
164 700 1 30
166 690 2 34
167 690 4 17
168 690 3 34
169 679 6 23
170 679 2 58
171 679 3 25
172 669 1 33
173 669 12 12
174 669 4 22
175 669 2 36
176 669 2 33
177 659 3 35
178 659 3 0
179 659 3 15
181 649 2 46
182 649 4 38
183 649 1 30
185 639 1 31
187 639 3 21
188 639 2 15
189 639 2 26
190 629 3 42
191 629 4 39
192 629 4 40
195 619 40 24
197 629 2 53
198 629 2 36
200 629 1 10
