2 700 4 14
5 700 1 35
7 700 5 24
11 710 5 32
12 710 3 10
13 710 18 27
14 710 3 50
15 710 2 23
16 710 5 17
17 700 2 28
19 700 4 24
20 700 9 26
21 700 3 9
22 700 1 15
23 700 1 22
24 690 7 28
26 690 4 4
28 690 3 24
29 690 2 21
31 690 2 11
35 700 8 43
36 700 3 30
40 710 2 24
41 710 5 2
43 700 1 46
46 700 5 45
47 700 5 23
49 700 2 27
52 700 1 28
53 700 7 27
54 700 7 46
57 710 3 20
58 710 6 10
59 710 3 11
60 700 1 13
61 700 4 13
66 710 1 33
67 710 4 31
69 710 2 32
70 710 2 48
72 710 3 9
73 710 1 29
75 710 3 34
76 710 7 38
77 710 1 48
78 710 1 32
79 710 1 36
80 700 4 34
81 700 1 49
85 710 2 14
87 710 1 28
88 710 3 21
89 710 7 12
90 710 5 17
92 710 1 16
93 710 3 50
94 710 13 18
95 710 3 44
96 710 1 20
97 710 3 8
98 700 1 26
99 700 6 48
100 700 9 57
102 700 3 59
103 700 1 28
104 700 9 27
105 700 4 9
107 700 7 3
108 700 2 12
110 700 1 20
111 700 6 42
113 700 3 25
114 700 4 53
115 700 1 7
116 690 1 58
117 690 10 29
118 690 3 46
119 690 4 29
120 690 2 51
121 679 9 34
122 679 10 25
123 679 2 28
124 679 1 9
125 679 1 6
126 669 10 13
127 669 1 32
128 669 7 29
130 669 6 25
131 669 1 31
132 669 8 32
133 669 8 7
135 679 4 23
136 679 8 20
137 679 12 9
138 679 17 27
139 690 2 60
140 690 2 2
141 690 14 48
142 690 3 12
143 690 5 30
144 690 17 37
145 690 2 24
146 690 11 33
147 690 11 28
148 690 8 52
149 700 5 29
150 700 5 13
151 700 4 43
153 690 2 31
154 690 1 20
155 690 7 16
156 690 4 29
157 690 1 50
158 690 4 13
159 679 2 11
160 679 7 38
161 679 5 27
162 700 9 50
163 700 2 18
164 700 6 38
165 700 7 42
166 700 7 25
167 700 3 38
168 700 15 38
169 700 3 21
170 700 12 16
171 700 2 27
172 700 2 32
173 700 5 25
174 690 2 28
175 690 4 24
176 690 4 17
177 679 7 20
178 679 5 13
179 679 2 22
181 679 8 23
182 679 5 34
183 679 8 52
184 679 5 12
185 679 9 40
186 679 10 28
187 679 5 33
188 679 6 41
189 679 7 30
190 679 12 19
191 679 4 6
192 679 4 9
193 679 2 42
194 669 1 24
195 669 8 15
196 669 9 26
197 669 1 23
198 669 10 37
199 669 7 32
200 669 3 19
