1 659 15 15
2 700 8 29
3 700 3 60
5 700 4 15
6 700 6 51
7 700 3 19
8 690 4 34
9 690 3 4
10 690 3 59
11 679 2 12
12 679 6 12
13 679 2 12
14 669 2 21
15 669 3 11
16 669 8 7
17 669 7 23
18 669 1 22
19 669 2 14
20 669 5 30
21 659 5 4
22 659 2 12
23 659 10 31
24 659 7 9
25 659 3 15
27 659 1 39
28 659 4 10
29 659 3 17
30 649 4 6
31 649 10 57
32 649 1 15
34 649 2 26
35 649 4 16
36 649 1 10
37 639 3 27
38 639 3 14
39 639 1 41
40 629 6 21
41 629 13 28
42 700 1 15
43 700 5 5
44 700 1 16
45 690 7 3
46 690 3 22
47 690 3 15
49 690 12 32
50 690 6 5
51 690 3 30
52 690 5 8
53 679 4 45
54 679 6 4
57 679 1 35
59 679 6 11
60 679 6 56
61 679 4 25
62 669 8 12
63 669 5 20
64 669 5 12
65 669 1 3
67 659 7 12
68 659 2 14
69 659 1 13
70 659 1 20
71 649 1 20
72 649 2 21
73 649 6 29
74 639 3 26
75 639 6 25
76 639 1 36
77 629 12 12
79 629 2 3
80 629 5 9
81 629 3 5
82 619 7 5
83 619 1 25
84 619 1 30
85 619 7 12
86 619 2 15
87 619 6 36
88 619 6 45
89 609 2 20
92 609 1 23
93 609 6 9
94 609 15 59
95 609 3 25
96 609 1 6
97 609 2 6
98 599 2 22
99 599 4 7
100 599 2 7
102 589 3 15
104 589 6 26
105 589 4 39
106 589 2 17
107 579 6 25
108 579 1 3
109 579 2 33
110 569 5 17
111 569 2 11
112 569 4 11
114 559 2 6
115 559 3 5
117 559 4 32
118 559 6 21
119 559 1 9
120 549 3 4
121 549 6 6
122 549 1 22
123 539 6 26
124 539 2 21
127 539 3 14
128 539 3 5
129 539 1 49
131 529 10 15
132 529 2 26
135 529 7 54
136 539 7 16
137 539 4 35
138 539 3 33
139 539 6 33
140 529 3 36
141 529 1 30
142 529 1 38
143 519 1 28
145 519 4 12
149 529 3 33
150 529 2 5
151 529 2 17
152 519 7 24
153 519 2 13
154 519 5 37
155 519 9 17
156 519 1 22
157 519 4 29
159 519 5 23
161 519 2 18
162 700 5 39
163 700 2 7
165 690 2 13
166 690 1 17
167 690 6 9
168 679 1 19
169 679 2 2
170 679 2 13
171 669 5 30
172 669 2 23
173 669 1 21
174 659 6 11
175 659 4 3
176 659 6 5
178 649 4 18
179 649 1 12
180 649 5 25
181 639 6 12
182 639 1 8
183 639 7 9
184 639 4 11
185 639 1 14
186 639 5 19
187 629 4 7
188 629 4 9
189 629 3 3
190 619 6 45
191 619 7 56
192 619 4 1
193 619 1 5
194 619 5 6
195 609 9 39
196 609 7 3
197 609 2 2
198 609 3 43
199 609 9 6
200 609 4 9
