1 700 3 29
2 700 6 44
3 700 7 39
5 700 2 23
6 700 12 20
7 700 3 16
8 700 4 14
9 700 6 31
11 690 2 2
12 690 3 25
14 690 3 26
15 690 5 8
17 690 1 32
18 690 1 21
19 690 5 30
20 679 5 2
21 679 1 6
22 679 3 25
23 669 4 34
24 669 2 4
25 669 5 25
26 659 1 14
27 659 1 12
28 659 14 12
29 659 4 16
32 659 6 18
33 659 15 36
34 659 5 8
35 659 4 47
36 659 4 13
37 649 7 25
38 649 1 15
39 649 1 17
40 649 3 19
41 649 5 26
42 700 1 54
43 700 6 24
44 690 3 21
45 690 5 33
46 690 2 12
47 679 4 7
48 679 3 16
49 679 4 7
50 669 6 15
51 669 2 43
52 669 4 38
53 659 1 38
54 659 4 14
56 659 3 11
57 659 5 27
58 659 2 13
59 649 2 36
60 649 17 12
61 649 1 18
64 649 1 27
65 649 1 14
66 649 4 30
67 639 2 20
68 639 3 44
70 639 4 20
71 639 8 26
72 639 4 27
73 639 3 37
74 639 5 14
75 629 4 21
77 629 2 23
78 629 5 20
79 629 2 7
80 619 17 34
81 619 7 52
82 619 10 38
83 629 5 33
84 629 3 55
85 629 1 15
86 619 5 9
87 619 2 45
88 619 3 40
89 609 3 42
90 609 5 19
91 609 2 31
92 599 2 26
93 599 2 16
94 599 6 29
95 589 3 52
96 589 3 40
97 589 5 21
98 579 11 18
99 579 4 17
100 579 5 4
101 579 6 25
102 569 3 25
103 569 1 28
104 569 6 36
105 559 9 16
106 559 2 12
107 559 3 22
108 559 4 9
111 549 1 8
112 549 1 42
113 549 4 25
114 539 9 4
115 539 8 34
116 539 2 6
117 539 6 23
118 539 5 6
119 529 3 43
120 529 9 15
121 529 11 7
122 529 6 9
123 529 6 33
124 529 5 40
125 519 3 50
126 519 3 6
127 519 2 17
128 509 14 12
129 509 2 42
130 509 5 2
131 509 9 20
132 509 6 28
133 509 8 8
134 509 5 31
135 509 10 9
136 509 9 16
138 519 6 19
139 519 4 58
140 519 4 27
141 509 6 7
142 509 9 12
143 509 10 32
144 509 4 24
145 509 6 38
147 509 1 21
148 509 6 6
149 509 11 38
150 509 7 29
151 509 3 23
152 509 1 39
153 509 4 20
154 499 5 52
155 499 3 21
156 499 12 3
158 499 3 28
159 499 6 23
160 499 6 18
161 499 4 12
162 700 1 41
163 700 1 26
165 690 2 55
166 690 3 16
167 690 1 51
168 679 1 46
169 679 1 33
170 679 6 5
173 669 4 26
174 669 9 26
175 669 5 41
176 669 5 22
177 669 4 14
178 659 1 20
179 659 6 40
181 659 4 6
183 659 6 10
184 659 5 7
185 659 1 28
186 649 3 53
187 649 5 13
188 649 5 9
189 639 3 32
190 639 3 10
191 639 3 7
192 629 12 14
193 629 3 18
194 629 5 13
195 629 3 21
196 619 5 13
197 619 6 6
198 619 11 36
199 619 3 41
200 619 4 23
