1 669 20 14
2 700 7 15
3 700 5 19
5 700 9 12
6 700 1 25
7 700 2 47
8 700 6 43
9 690 3 23
10 690 6 13
11 690 5 16
12 679 1 11
13 679 4 12
14 679 14 21
15 679 4 18
16 679 4 24
17 679 7 17
18 679 4 16
19 679 1 21
20 679 7 47
21 679 4 22
22 679 5 13
24 679 4 42
25 679 2 17
26 679 2 44
27 669 4 39
28 669 1 19
29 669 4 31
30 659 2 12
31 659 4 22
32 659 12 27
33 659 1 16
34 659 1 6
35 659 3 20
37 649 4 52
38 649 6 39
39 649 2 18
40 639 5 18
41 639 1 24
42 700 2 19
43 700 1 18
44 690 2 17
45 690 1 30
46 690 7 18
47 690 3 10
48 690 6 9
49 690 3 13
50 679 1 3
51 679 1 18
52 679 1 19
53 669 6 16
54 669 6 11
55 669 12 28
56 669 14 5
57 669 3 7
58 669 9 17
59 669 31 38
60 669 3 14
61 669 9 36
62 669 3 29
63 669 10 33
64 669 7 22
65 669 8 22
66 679 13 9
67 679 5 15
68 679 3 26
69 679 2 9
71 669 3 6
72 669 6 33
73 669 1 47
74 659 5 17
75 659 3 15
76 659 1 29
77 649 1 7
78 649 4 16
79 649 3 30
80 639 4 5
81 639 13 49
82 639 2 43
83 639 15 7
84 639 1 40
85 639 2 15
86 639 4 52
88 629 9 27
89 629 1 46
90 629 4 18
91 629 1 21
92 619 3 24
93 619 12 20
94 619 4 23
95 619 5 30
96 619 7 28
97 619 2 44
98 619 6 59
99 619 2 26
100 609 5 9
101 609 4 15
102 609 1 21
103 599 5 27
104 599 6 42
105 599 1 32
106 589 4 13
107 589 2 40
108 589 6 22
109 579 8 35
110 579 10 17
111 579 5 30
112 579 1 8
113 579 3 42
114 569 3 19
116 569 5 33
117 569 10 20
118 569 8 5
119 569 2 34
121 569 20 25
122 569 4 28
123 569 14 37
124 569 2 55
125 569 15 23
126 569 2 11
127 569 9 28
128 569 8 44
129 569 3 40
130 569 6 34
131 569 11 26
132 569 10 10
133 569 3 26
134 569 1 27
135 569 1 25
136 559 4 30
137 559 3 16
138 559 20 24
139 559 4 21
140 559 6 2
141 559 6 20
142 549 6 21
144 549 4 16
145 549 10 29
146 549 14 29
148 559 1 34
149 559 7 12
150 559 4 27
151 559 8 5
152 559 4 24
153 559 4 28
154 559 1 25
155 549 2 34
157 549 5 5
158 549 11 19
159 549 19 47
160 549 6 23
161 549 4 14
163 700 2 31
164 700 2 16
165 700 1 12
166 690 3 45
167 690 2 12
168 690 3 20
169 679 6 48
170 679 5 47
171 679 5 20
172 669 2 32
173 669 4 22
175 669 7 45
176 669 5 26
177 669 4 6
178 669 2 45
179 659 8 43
180 659 9 14
181 659 7 13
182 669 2 20
183 669 3 3
184 669 7 13
185 669 6 36
186 669 9 11
187 669 5 45
188 669 6 58
189 669 1 21
190 659 1 37
192 659 4 22
193 659 11 43
194 659 3 40
196 659 4 15
197 659 2 55
198 659 9 22
199 659 7 8
200 659 4 29
