3 700 5 18
4 700 4 24
6 700 3 25
8 700 4 22
9 700 2 23
10 700 3 29
11 690 3 45
12 690 5 20
13 690 1 25
14 679 7 28
15 679 4 32
16 679 1 10
17 679 2 41
18 669 4 31
19 669 2 27
20 669 8 27
21 669 5 40
22 669 2 12
24 669 4 4
25 669 4 39
26 669 4 9
28 659 2 31
29 659 2 23
30 659 6 11
31 649 5 21
33 649 5 22
34 649 7 20
36 649 4 23
37 649 4 10
38 649 7 24
39 649 2 15
40 649 2 10
41 649 2 8
42 700 3 8
43 700 4 32
44 690 5 21
45 690 4 17
46 690 2 37
47 679 5 7
48 679 2 40
49 679 2 7
50 669 4 20
51 669 5 15
52 669 4 31
53 659 1 21
55 659 4 30
56 659 8 16
57 659 6 53
58 659 2 2
59 659 3 7
60 649 5 17
62 649 3 20
63 649 1 50
64 649 3 25
65 639 3 37
66 639 1 19
67 639 5 7
68 629 8 30
69 629 5 9
70 629 1 30
71 629 1 58
72 619 7 17
73 619 7 9
74 619 2 43
75 619 3 42
76 619 8 13
77 619 4 1
78 619 4 6
79 619 7 5
80 619 4 14
81 619 2 16
82 619 3 9
83 609 5 36
84 609 2 6
85 609 7 17
86 609 1 7
87 609 4 7
88 609 5 56
89 599 6 19
90 599 9 14
92 599 5 39
93 599 5 20
95 599 2 5
96 599 4 11
97 599 1 8
99 589 6 11
100 589 4 30
102 589 2 21
103 589 1 4
104 589 3 15
105 579 5 23
106 579 8 7
107 579 9 23
108 579 8 16
109 589 4 10
111 589 4 10
112 589 7 7
114 589 4 9
115 589 3 20
116 589 5 10
117 579 3 9
119 579 9 15
120 579 7 9
121 589 9 8
122 589 4 24
123 589 3 8
124 589 4 16
126 579 4 60
128 579 3 21
129 579 1 30
130 579 2 20
131 569 2 32
132 569 7 18
133 569 4 41
134 569 1 6
136 569 4 29
137 569 3 30
138 569 6 8
139 559 10 13
140 559 4 13
141 559 2 18
142 559 7 18
143 559 6 28
144 559 3 44
145 559 6 51
146 549 2 13
147 549 4 20
149 549 7 30
150 549 10 23
151 559 2 8
154 559 7 46
155 569 9 12
156 569 8 7
157 569 3 11
158 569 8 33
159 569 3 27
161 569 5 15
162 700 5 12
163 700 3 19
164 690 3 21
165 690 2 5
166 690 6 6
167 679 6 12
168 679 1 16
169 679 1 10
170 669 7 27
171 669 9 13
172 669 3 28
173 669 4 17
174 669 2 5
175 659 1 8
176 659 7 4
177 659 3 9
178 659 5 17
179 659 6 33
180 649 1 15
181 649 9 12
182 649 2 23
183 649 5 28
184 649 5 17
185 639 5 9
186 639 1 13
187 639 5 16
188 629 2 18
189 629 1 28
190 629 3 30
191 619 1 4
192 619 6 17
193 619 1 10
194 609 1 18
195 609 4 42
196 609 4 11
197 599 1 4
198 599 4 16
199 599 3 19
200 589 2 24
