6 710 6 39
9 710 22 31
10 720 10 18
13 730 6 44
15 730 4 28
16 730 6 43
17 730 1 21
18 720 5 48
20 720 2 30
21 720 2 28
23 720 8 14
24 720 3 38
25 720 10 25
26 720 7 15
27 720 3 37
28 720 9 31
29 720 3 8
31 720 8 19
32 720 3 58
33 720 4 16
34 720 2 38
35 710 1 30
36 710 10 53
37 710 4 56
38 710 6 24
39 710 6 26
40 700 1 48
41 700 4 59
42 700 6 53
43 700 21 48
45 700 2 47
46 700 19 35
47 700 8 27
48 700 8 13
49 710 7 14
51 710 6 40
52 710 2 57
53 710 3 50
54 700 6 44
55 700 3 45
56 700 6 21
58 690 4 30
59 690 6 23
60 690 3 44
61 679 9 25
62 679 3 11
63 679 2 22
64 679 3 28
65 669 6 16
66 669 6 36
67 669 1 47
68 659 5 25
69 659 2 48
70 659 1 8
71 649 4 46
72 649 4 14
73 649 8 6
74 649 3 22
77 649 9 46
79 659 8 14
80 659 3 16
81 659 8 16
82 659 9 23
83 659 4 22
84 659 1 43
85 659 5 18
86 649 3 8
87 649 4 5
88 649 10 14
89 649 5 17
91 649 4 38
92 649 2 13
94 649 5 38
95 649 2 13
96 649 5 60
97 639 12 36
99 639 7 7
100 649 3 46
101 649 7 37
103 649 7 7
104 659 1 52
106 659 3 13
108 659 7 52
110 669 3 41
111 669 2 31
112 669 11 49
113 669 1 24
114 669 1 18
116 669 8 55
117 669 6 33
120 669 5 28
122 669 1 27
123 669 8 41
125 669 3 9
126 669 6 40
127 669 8 11
129 669 1 26
130 669 1 30
132 669 1 41
133 669 2 14
134 669 5 6
135 659 5 44
136 659 5 15
137 659 3 48
138 649 1 7
139 649 3 30
140 649 2 6
141 639 1 2
142 639 5 40
143 639 7 56
144 639 3 19
145 639 1 35
146 639 4 16
147 629 1 25
148 629 4 16
149 629 3 41
150 619 1 22
151 619 8 10
153 619 5 22
154 619 8 45
155 619 5 17
156 619 6 35
157 619 15 1
158 619 10 25
159 619 5 46
160 619 1 36
161 619 9 17
162 700 2 20
163 700 4 6
165 700 4 7
166 700 1 14
169 700 6 52
170 700 2 19
171 700 3 8
172 690 5 46
173 690 9 10
174 690 5 18
175 690 3 21
176 690 2 5
177 679 2 27
178 679 2 13
179 679 2 38
180 669 4 15
182 669 4 15
183 669 4 43
184 669 2 21
185 659 5 49
186 659 6 13
187 659 2 16
188 649 1 4
189 649 3 38
190 649 1 23
191 639 5 17
192 639 8 34
193 639 2 14
194 639 7 28
195 639 2 19
196 639 5 28
197 639 2 20
198 629 3 22
199 629 13 52
200 629 3 43
