2 700 2 22
4 700 16 24
5 700 9 19
6 710 7 38
7 710 2 52
8 710 6 18
9 710 4 23
10 700 5 43
11 700 1 11
12 700 5 23
13 690 3 15
14 690 3 10
16 690 3 4
17 690 2 54
20 690 29 15
21 700 6 45
23 700 1 16
24 700 1 36
25 700 2 19
26 690 5 11
27 690 20 27
28 690 3 25
29 690 1 35
30 690 17 30
31 690 1 31
32 690 2 36
33 690 1 42
34 679 18 21
35 679 2 19
36 679 11 25
37 679 7 15
38 679 7 21
39 690 6 11
40 690 3 48
41 690 5 15
43 700 18 40
44 700 5 13
45 700 4 21
47 700 2 6
49 700 1 33
50 700 3 28
51 700 6 43
52 690 5 23
53 690 1 30
54 690 14 5
56 690 19 29
57 700 1 7
60 700 4 30
61 700 1 31
62 700 4 31
63 690 1 24
65 690 1 16
66 690 3 32
67 690 4 43
68 679 1 20
69 679 1 8
70 679 4 11
71 669 4 1
72 669 3 18
73 669 4 48
74 659 1 18
75 659 9 14
76 659 3 17
77 659 1 28
78 659 6 18
79 649 7 29
80 649 12 12
81 649 8 25
82 659 2 22
83 659 9 4
84 659 2 28
85 659 9 15
86 659 12 11
87 659 3 18
88 659 4 21
89 659 2 37
90 649 1 42
91 649 7 33
92 649 2 27
93 649 17 22
94 649 8 8
95 649 3 52
96 649 2 11
98 649 6 16
99 649 3 28
101 649 4 21
102 649 2 13
103 649 5 27
104 639 5 13
105 639 1 29
106 639 3 13
107 629 10 16
108 629 6 19
109 629 3 26
110 629 4 10
111 619 10 29
112 619 4 33
113 619 8 20
114 619 5 37
115 619 9 38
116 619 2 14
117 619 12 27
118 619 5 35
119 619 2 37
120 619 1 9
121 609 3 15
122 609 3 23
123 609 4 47
124 599 1 26
126 599 6 14
127 599 4 2
128 599 5 11
130 589 2 38
131 589 13 25
132 589 10 32
134 599 2 6
135 599 3 30
136 599 1 22
137 589 2 18
138 589 3 48
139 589 2 14
140 579 12 28
141 579 13 21
142 579 2 16
143 579 18 27
144 579 1 46
145 579 4 18
146 579 3 37
147 569 2 8
148 569 1 12
149 569 2 44
150 559 1 12
151 559 6 38
152 559 4 46
153 549 9 32
154 549 1 36
155 549 1 8
156 549 2 9
157 539 5 17
158 539 4 16
159 539 6 33
160 529 8 6
161 529 1 52
162 700 2 33
163 700 1 29
164 690 3 22
165 690 2 7
166 690 5 21
167 679 7 13
168 679 5 29
169 679 2 59
170 679 1 44
171 669 1 17
173 669 1 18
174 669 6 17
175 669 1 46
176 659 1 38
177 659 1 29
178 659 1 37
179 649 3 25
180 649 2 32
181 649 4 7
182 639 1 21
184 639 5 24
185 639 20 8
186 639 5 18
187 639 4 16
188 639 3 51
191 629 2 41
192 629 1 10
193 629 7 25
194 629 2 22
195 629 1 13
196 629 1 22
197 619 2 15
198 619 9 23
199 619 2 11
