1 599 32 12
2 700 27 9
3 700 10 11
4 710 3 21
5 710 3 10
6 710 10 21
7 710 5 18
8 710 8 10
9 710 1 12
10 710 6 11
11 710 4 10
12 700 10 9
13 700 7 11
14 700 5 24
15 700 3 10
16 700 6 16
17 690 3 8
18 690 4 11
19 690 1 7
20 679 3 8
21 679 3 12
22 679 3 27
23 669 10 19
24 669 1 6
25 669 3 7
26 669 17 11
27 669 5 1
28 669 12 9
29 669 12 56
30 669 2 44
31 669 6 14
32 669 2 3
33 659 3 14
34 659 4 24
35 659 5 34
36 649 5 22
37 649 16 10
38 649 3 38
39 649 5 10
40 649 6 7
41 649 1 8
42 700 5 24
43 700 2 15
44 690 19 9
45 690 14 30
46 690 6 6
47 690 3 8
48 690 7 34
49 690 5 215
50 690 3 4
51 690 5 16
52 690 6 17
53 679 2 12
54 679 3 21
55 679 7 24
56 679 7 39
57 679 2 12
58 679 3 41
59 679 1 13
60 669 1 15
61 669 1 15
62 669 1 9
63 659 1 22
64 659 2 46
65 659 6 8
66 649 2 3
67 649 3 10
68 649 9 24
69 649 9 6
70 649 1 9
71 649 3 60
72 649 1 8
73 639 2 11
74 639 6 5
75 639 3 5
76 629 7 24
77 629 1 12
78 629 27 13
79 629 5 4
80 629 1 5
81 629 6 12
82 619 2 30
83 619 2 48
84 619 4 12
85 609 3 20
86 609 8 34
87 609 5 1
88 609 1 23
89 609 2 4
90 599 2 4
91 599 15 32
92 599 5 9
93 599 3 17
94 599 7 11
95 599 7 24
96 599 8 5
97 609 5 3
98 609 2 29
99 609 2 16
100 599 11 12
101 599 1 426
102 599 5 16
103 599 6 11
104 599 1 36
105 589 2 12
106 589 1 14
107 589 8 8
108 589 6 15
109 589 1 17
110 589 3 11
111 579 4 15
112 579 6 328
113 579 7 4
114 579 16 5
115 589 4 10
116 589 1 8
117 589 1 317
118 589 3 8
119 589 31 17
120 589 10 8
121 589 5 11
122 589 2 8
123 589 2 7
124 579 2 5
125 579 5 10
126 579 19 269
127 579 6 31
128 579 2 26
129 579 20 8
130 579 6 9
131 579 6 565
132 579 3 10
133 579 7 7
134 579 1 24
135 579 2 25
136 579 9 5
137 579 1 48
138 579 2 17
139 579 2 21
140 569 13 13
141 569 25 7
142 569 9 11
143 579 3 7
144 579 2 1
145 579 6 9
146 569 5 12
147 569 4 11
148 569 2 15
149 559 6 12
150 559 1 14
151 559 14 7
152 559 8 28
153 559 1 10
154 559 2 14
155 559 3 5
156 549 2 10
157 549 14 8
158 549 5 547
159 549 3 286
160 559 2 11
161 559 6 6
162 700 3 32
163 700 1 17
164 690 1 17
165 690 1 30
166 690 4 1
167 679 2 8
168 679 4 16
169 679 1 17
170 669 1 5
171 669 4 18
172 669 2 5
173 659 6 16
174 659 5 8
175 659 5 9
176 649 6 17
177 649 1 20
178 649 24 11
179 649 2 15
180 649 1 288
181 649 5 19
182 649 2 12
183 649 1 13
184 639 4 5
185 639 5 20
186 639 1 17
187 629 6 4
188 629 2 21
189 629 10 28
190 629 1 13
191 629 6 15
192 629 9 9
193 629 5 16
194 629 1 7
195 629 4 10
196 619 6 11
197 619 1 17
198 619 21 7
199 619 2 49
200 619 2 16
