161 499 4 12
162 700 1 41
163 700 1 26
164 690 12 419
165 690 2 55
166 690 3 16
167 690 1 51
168 679 1 46
169 679 1 33
170 679 6 5
171 669 3 64
172 669 1 335
173 669 4 26
174 669 9 26
175 669 5 41
176 669 5 22
177 669 4 14
178 659 1 20
179 659 6 40
180 659 1 74
181 659 4 6
182 659 2 89
183 659 6 10
184 659 5 7
185 659 1 28
186 649 3 53
187 649 5 13
188 649 5 9
189 639 3 32
190 639 3 10
191 639 3 7
192 629 12 14
193 629 3 18
194 629 5 13
195 629 3 21
196 619 5 13
197 619 6 6
198 619 11 36
199 619 3 41
200 619 4 23
