161 579 10 454
162 700 4 31
163 700 2 43
164 700 1 30
165 690 1 248
166 690 2 34
167 690 4 17
168 690 3 34
169 679 6 23
170 679 2 58
171 679 3 25
172 669 1 33
173 669 12 12
174 669 4 22
175 669 2 36
176 669 2 33
177 659 3 35
178 659 3 0
179 659 3 15
180 649 6 156
181 649 2 46
182 649 4 38
183 649 1 30
184 639 3 61
185 639 1 31
186 639 4 74
187 639 3 21
188 639 2 15
189 639 2 26
190 629 3 42
191 629 4 39
192 629 4 40
193 619 14 546
194 619 2 72
195 619 40 24
196 629 2 66
197 629 2 53
198 629 2 36
199 629 1 142
200 629 1 10
