161 569 5 15
162 700 5 12
163 700 3 19
164 690 3 21
165 690 2 5
166 690 6 6
167 679 6 12
168 679 1 16
169 679 1 10
170 669 7 27
171 669 9 13
172 669 3 28
173 669 4 17
174 669 2 5
175 659 1 8
176 659 7 4
177 659 3 9
178 659 5 17
179 659 6 33
180 649 1 15
181 649 9 12
182 649 2 23
183 649 5 28
184 649 5 17
185 639 5 9
186 639 1 13
187 639 5 16
188 629 2 18
189 629 1 28
190 629 3 30
191 619 1 4
192 619 6 17
193 619 1 10
194 609 1 18
195 609 4 42
196 609 4 11
197 599 1 4
198 599 4 16
199 599 3 19
200 589 2 24
