161 679 5 27
162 700 9 50
163 700 2 18
164 700 6 38
165 700 7 42
166 700 7 25
167 700 3 38
168 700 15 38
169 700 3 21
170 700 12 16
171 700 2 27
172 700 2 32
173 700 5 25
174 690 2 28
175 690 4 24
176 690 4 17
177 679 7 20
178 679 5 13
179 679 2 22
180 679 9 78
181 679 8 23
182 679 5 34
183 679 8 52
184 679 5 12
185 679 9 40
186 679 10 28
187 679 5 33
188 679 6 41
189 679 7 30
190 679 12 19
191 679 4 6
192 679 4 9
193 679 2 42
194 669 1 24
195 669 8 15
196 669 9 26
197 669 1 23
198 669 10 37
199 669 7 32
200 669 3 19
