161 519 2 18
162 700 5 39
163 700 2 7
164 690 14 563
165 690 2 13
166 690 1 17
167 690 6 9
168 679 1 19
169 679 2 2
170 679 2 13
171 669 5 30
172 669 2 23
173 669 1 21
174 659 6 11
175 659 4 3
176 659 6 5
177 649 11 387
178 649 4 18
179 649 1 12
180 649 5 25
181 639 6 12
182 639 1 8
183 639 7 9
184 639 4 11
185 639 1 14
186 639 5 19
187 629 4 7
188 629 4 9
189 629 3 3
190 619 6 45
191 619 7 56
192 619 4 1
193 619 1 5
194 619 5 6
195 609 9 39
196 609 7 3
197 609 2 2
198 609 3 43
199 609 9 6
200 609 4 9
