161 529 1 52
162 700 2 33
163 700 1 29
164 690 3 22
165 690 2 7
166 690 5 21
167 679 7 13
168 679 5 29
169 679 2 59
170 679 1 44
171 669 1 17
172 669 1 256
173 669 1 18
174 669 6 17
175 669 1 46
176 659 1 38
177 659 1 29
178 659 1 37
179 649 3 25
180 649 2 32
181 649 4 7
182 639 1 21
183 639 22 579
184 639 5 24
185 639 20 8
186 639 5 18
187 639 4 16
188 639 3 51
189 629 4 502
190 629 4 134
191 629 2 41
192 629 1 10
193 629 7 25
194 629 2 22
195 629 1 13
196 629 1 22
197 619 2 15
198 619 9 23
199 619 2 11
200 619 6 182
