1 609 37 554
2 700 2 72
3 700 9 40
4 710 5 58
5 710 1 12
6 710 2 31
7 700 6 285
8 700 12 2
9 700 8 546
10 710 4 14
11 710 1 21
12 710 6 8
13 700 2 32
14 700 3 9
15 700 1 2
16 690 7 3
17 690 5 29
18 690 7 19
19 690 13 51
20 690 9 16
21 700 7 28
22 700 4 9
23 700 4 9
24 700 3 9
25 690 2 48
26 690 5 51
27 690 1 22
28 679 3 5
29 679 9 20
30 679 2 31
31 679 5 22
32 679 2 29
33 669 23 16
34 669 4 10
35 669 2 20
36 669 6 31
37 659 6 18
38 659 6 6
39 659 4 33
40 649 7 266
41 649 8 9
42 700 5 16
43 700 1 18
44 700 4 18
45 690 3 10
46 690 4 2
47 690 6 33
48 679 3 13
49 679 3 5
50 679 3 12
51 669 16 6
52 669 5 6
53 669 1 13
54 669 1 8
55 659 3 14
56 659 3 2
57 659 5 12
58 649 4 10
59 649 6 15
60 649 5 40
61 639 4 32
62 639 1 16
63 639 1 18
64 629 1 20
65 629 4 19
66 629 6 35
67 619 6 19
68 619 7 20
69 619 7 17
70 619 3 4
71 619 4 14
72 619 4 14
73 609 6 11
74 609 8 25
75 609 1 31
76 609 7 15
77 609 3 32
78 609 5 15
79 609 3 5
80 599 11 43
81 599 1 18
82 599 5 18
83 599 30 479
84 599 1 24
85 599 8 9
86 599 7 5
87 599 9 20
88 609 7 14
89 609 5 10
90 609 3 9
91 609 6 23
92 599 3 46
93 599 5 9
94 599 2 10
95 589 6 13
96 589 5 20
97 589 8 10
98 589 5 18
99 589 4 1
100 589 7 12
101 589 4 12
102 589 2 527
103 589 17 422
104 589 3 2
105 589 1 7
106 589 7 33
107 589 2 12
108 589 4 12
109 589 17 45
110 589 4 25
111 589 9 22
112 589 8 16
113 589 6 4
114 589 7 7
115 589 5 7
116 589 5 20
117 589 1 610
118 589 7 5
119 589 1 20
120 589 1 14
121 589 15 12
122 589 2 11
123 589 2 33
124 589 2 36
125 579 3 31
126 579 1 22
127 579 7 14
128 579 1 16
129 579 1 28
130 579 1 7
131 569 1 15
132 569 6 4
133 569 8 37
134 569 1 294
135 569 6 12
136 569 2 1
137 569 28 297
138 569 3 14
139 569 8 18
140 569 4 8
141 569 1 33
142 569 12 382
143 569 3 4
144 569 6 20
145 569 3 17
146 559 3 5
147 559 1 9
148 559 3 53
149 549 2 17
150 549 1 25
151 549 2 15
152 539 3 46
153 539 2 319
154 539 5 20
155 539 1 13
156 539 4 7
157 529 7 6
158 529 8 50
159 529 3 469
160 539 1 4
161 539 4 47
162 700 2 1
163 700 8 6
164 700 2 6
165 700 8 3
166 700 3 7
167 700 4 66
168 700 1 40
169 700 3 4
170 700 6 9
171 690 6 2
172 690 1 13
173 690 2 6
174 679 2 7
175 679 1 20
176 679 10 24
177 679 4 2
178 679 5 21
179 679 2 31
180 669 2 138
181 669 1 45
182 669 8 2
183 669 1 54
184 669 4 21
185 669 5 0
186 659 3 2
187 659 4 14
188 659 5 7
189 649 4 4
190 649 5 3
191 649 6 239
192 649 4 12
193 649 4 13
194 649 1 8
195 639 1 11
196 639 2 2
197 639 4 412
198 639 1 37
199 639 1 2
200 639 6 8
