1 700 3 262
3 700 4 340
4 700 1 335
6 700 2 430
8 700 4 549
9 700 2 427
10 700 5 144
18 700 1 498
25 690 2 305
27 690 1 466
30 690 6 287
32 690 7 265
33 690 11 296
34 690 1 399
37 700 2 254
38 700 2 353
39 700 3 76
42 700 3 367
44 700 2 595
45 700 1 477
48 700 1 220
50 700 4 446
51 700 1 86
55 700 1 399
56 710 2 198
62 700 11 451
63 700 4 286
64 700 11 479
65 710 1 398
68 710 2 345
71 710 1 62
74 710 4 291
82 700 1 223
83 700 5 84
84 700 10 491
86 710 3 64
91 710 1 69
101 700 4 270
106 700 15 274
109 700 6 457
112 700 1 431
129 669 9 61
134 669 8 61
152 690 4 126
180 679 9 78
