1 619 68 501
3 700 28 348
4 710 7 331
11 720 5 165
16 730 6 160
18 730 2 268
28 720 6 341
29 720 8 112
50 690 8 380
51 690 1 281
54 700 9 507
79 649 3 268
81 649 3 282
82 649 1 302
104 589 1 65
105 589 9 136
107 589 1 119
108 589 1 491
110 589 8 75
112 589 2 344
121 589 3 63
126 579 12 640
129 579 5 61
130 579 3 259
132 589 3 65
134 589 2 598
136 589 1 296
139 589 3 319
142 589 2 226
145 589 4 309
151 579 1 107
156 579 4 112
157 579 1 237
159 579 1 333
160 579 1 119
161 579 10 454
165 690 1 248
180 649 6 156
184 639 3 61
186 639 4 74
193 619 14 546
194 619 2 72
196 629 2 66
199 629 1 142
